image: 300main_clean.pgm
resolution: 0.050000
origin: [-22.191576, -19.465579, 0.000000]
negate: 0
occupied_thresh: 0.65
free_thresh: 0.196

