image: clean_ge.pgm
resolution: 0.050000
origin: [-51.306213, -6.910654, 0.000000]
negate: 0
occupied_thresh: 0.65
free_thresh: 0.196

