image: 300main_clean2.pgm
resolution: 0.050000
origin: [-21.600000, -14.487177, 0.000000]
negate: 0
occupied_thresh: 0.65
free_thresh: 0.196

